#############################################FDS##################################################################
si[0, 0, 0, 0, 0, 0, 0, 0, 0, 0, 0, 0, 1, 1, 1, 1, 1, 1, 1, 1, 1, 1, 1, 1, c2, 2, 2, 2, 2, 2, 2, 2, 2, 2, 2, 2], 
v [1, 1, 1, 2, 2, 2, 3, 3, 3, 4, 4, 4, 1, 1, 1, 2, 2, 2, 3, 3, 3, 4, 4, 4, 1, 1, 1, 2, 2, 2, 3, 3, 3, 4, 4, 4], 
so[0, 1, 2, 0, 1, 2, 0, 1, 2, 0, 1, 2, 0, 1, 2, 0, 1, 2, 0, 1, 2, 0, 1, 2, 0, 1, 2, 0, 1, 2, 0, 1, 2, 0, 1, 2], 
HS[724, 0, 0, 624, 0, 0, 161, 42, 0, 1, 30, 4, 18, 75, 0, 13, 70, 0, 33, 569, 0, 0, 221, 37, 0, 7, 0, 0, 9, 0, 0, 6, 0, c0, 14, 510]]
[1574, 1043, 551]
3168
#############################################V34##################################################################
si[0, 0, 0, 0, 0, 0, 0, 0, 0, 0, 0, 0, 1, 1, 1, 1, 1, 1, 1, 1, 1, 1, 1, 1, 2, 2, 2, 2, 2, 2, 2, 2, 2, 2, 2, 2], 
v [1, 1, 1, 2, 2, 2, 3, 3, 3, 4, 4, 4, 1, 1, 1, 2, 2, 2, 3, 3, 3, 4, 4, 4, 1, 1, 1, 2, 2, 2, 3, 3, 3, 4, 4, 4], 
so[0, 1, 2, 0, 1, 2, 0, 1, 2, 0, 1, 2, 0, 1, 2, 0, 1, 2, 0, 1, 2, 0, 1, 2, 0, 1, 2, 0, 1, 2, 0, 1, 2, 0, 1, 2], 
HS[0, 0, 0, 0, 0, 0, 120, 35, 0, 0, 5, 0, 0, 0, 0, 0, 0, 0, 30, 310, 0, 0, 133, 18, 0, 0, 0, 0, 0, 0, 0, 0, 0, 0, 14, 325]
[150, 497, 343]
990